# abs val #porcent #00 #error_00 #11 #error_11 #10 #error_10 #01 #error_01
0.000000 0.000000 0.223765 0.119981 0.257003 0.238461 0.215028 0.101960 0.225297 0.097796
0.003000 0.000000 0.221157 0.117641 0.257512 0.237897 0.212101 0.098601 0.222108 0.096241
0.007500 0.000000 0.219964 0.107641 0.256608 0.209851 0.208609 0.096701 0.228491 0.101488
0.010000 0.000000 0.240118 0.119113 0.273136 0.239684 0.218621 0.103871 0.246344 0.095907
0.014000 0.000000 0.268746 0.130171 0.361333 0.452020 0.262703 0.132423 0.282304 0.095789
0.017000 0.000000 0.295173 0.171036 0.352700 0.324687 0.286209 0.151767 0.307196 0.140788
0.020500 0.000000 0.306300 0.194849 0.366342 0.313065 0.278766 0.147086 0.308553 0.160092
0.025000 0.000000 0.411580 0.386744 0.531496 0.476501 0.403667 0.349972 0.445315 0.426164
0.028000 0.000000 0.559963 0.818483 1.412763 2.704428 0.473118 0.465504 0.523571 0.614976
0.032000 0.000000 0.963557 1.782787 1.449197 2.699875 0.558200 0.479993 0.541833 0.406589
0.037000 0.000000 0.851603 1.083434 1.809080 3.028564 0.630607 0.440040 0.958005 1.344749
0.040000 0.000000 0.752676 0.476027 1.851702 2.967186 0.916937 0.863723 0.756192 0.428261
0.044000 0.000000 0.732870 0.511714 0.679426 0.397852 0.770832 0.552118 1.672696 2.842137
0.049000 0.000000 0.750996 0.498793 1.127501 1.365537 1.562078 2.165712 1.753375 2.214730
0.052000 0.000000 1.045518 0.837047 2.739920 5.326567 2.245149 2.807447 3.077157 3.356347
0.056000 0.000000 1.309204 1.340113 3.628045 4.034483 2.667317 3.235465 2.781228 2.888690
0.059000 0.000000 1.747680 1.699319 4.912515 5.939637 2.829837 2.994192 2.834173 2.588395
0.063000 0.000000 1.949043 2.283577 4.473622 4.887409 3.140481 3.000879 3.452399 3.263002
0.067000 0.000000 1.958979 2.088021 5.347580 6.285100 1.992941 1.574646 3.543549 3.241812
#0.078000 0.000000 2.734596 2.559448 6.691416 6.517297 2.752066 2.236977 4.305093 3.323353
#0.090000 0.000000 4.575207 3.759753 8.019535 5.772904 3.948370 3.108533 5.503156 3.262182
#0.100000 0.000000 4.293105 4.044317 10.783503 6.847510 5.295415 4.264364 4.817041 3.952339
