# abs val #porcent #00 #error_00 #11 #error_11 #10 #error_10 #01 #error_01
0.000000 0.000000 0.223765 0.119981 0.257003 0.238461 0.215028 0.101960 0.225297 0.097796
0.003000 0.000000 0.220813 0.124645 0.255750 0.234181 0.207842 0.103401 0.220780 0.100688
0.007500 0.000000 0.239583 0.132874 0.244346 0.208937 0.227823 0.106593 0.245759 0.112416
0.010000 0.000000 0.256927 0.169801 0.267929 0.264204 0.236228 0.122479 0.253323 0.125272
0.014000 0.000000 0.272857 0.140713 0.317139 0.356036 0.252834 0.120093 0.271000 0.118097
0.017000 0.000000 0.302261 0.176386 0.360407 0.426726 0.281780 0.153677 0.297021 0.165463
0.020500 0.000000 0.369164 0.257998 0.391380 0.556092 0.292673 0.141856 0.343153 0.208841
0.025000 0.000000 0.584294 0.581131 1.299717 2.743650 0.517047 0.447450 0.587340 0.625458
0.028000 0.000000 0.618083 0.656756 0.471967 0.607986 0.520575 0.425868 0.681308 0.831718
0.032000 0.000000 0.971240 1.029543 1.238186 2.334239 0.923180 0.945243 2.132695 3.030110
0.037000 0.000000 1.354633 2.107804 1.284768 2.725607 1.550394 2.731141 1.793690 2.611515
0.040000 0.000000 1.599367 2.462613 2.258629 3.600260 1.764824 3.014049 2.648714 3.797716
0.044000 0.000000 1.652428 2.844240 2.230822 3.693787 1.621871 2.646962 3.022641 3.783768
0.049000 0.000000 1.354002 1.855636 2.969619 4.069091 1.055740 0.915068 2.738308 3.411688
0.052000 0.000000 2.329558 3.423587 2.897747 3.862825 2.031189 2.837518 3.102467 3.916582
0.056000 0.000000 2.456543 3.601324 2.934876 3.294548 2.353165 3.251821 3.295325 4.160164
0.059000 0.000000 2.487978 3.347620 3.094430 3.265271 3.454236 4.166035 3.398902 3.992575
0.063000 0.000000 2.734636 3.878385 5.263556 4.713230 2.787003 3.603121 3.379485 3.977155
0.067000 0.000000 2.743748 3.822766 5.438372 4.099510 3.629942 4.339566 3.610006 4.338069
#0.078000 0.000000 3.361825 3.623904 7.443368 5.257048 3.287007 3.597675 3.887622 3.729460
#0.090000 0.000000 3.645782 3.577019 9.179185 5.223458 3.676241 3.242227 3.787878 3.368648
#0.100000 0.000000 3.680064 3.135247 9.140145 5.406449 3.596969 3.219201 3.670548 3.188313
