# abs val #porcent #00 #error_00 #11 #error_11 #10 #error_10 #01 #error_01
0.000000 0.000000 0.223765 0.119981 0.257003 0.238461 0.215028 0.101960 0.225297 0.097796
0.003000 2.000000 0.221163 0.122460 0.257040 0.233372 0.206981 0.102155 0.220815 0.099355
0.007500 4.000000 0.235855 0.097081 0.240553 0.176341 0.223699 0.085098 0.246957 0.093745
0.010000 6.000000 0.266065 0.113230 0.282900 0.264572 0.246114 0.105091 0.276871 0.111905
0.014000 8.000000 0.378721 0.211215 0.380629 0.560341 0.361919 0.195749 0.384065 0.197038
0.017000 10.000000 0.424241 0.316852 0.385587 0.536082 0.401318 0.276476 0.423619 0.295654
0.020500 12.000000 0.372197 0.220804 1.291595 2.740296 0.360000 0.264238 0.420451 0.352112
0.025000 14.000000 1.404880 3.024667 1.438873 2.756318 0.999454 1.875131 1.375336 2.992454
0.028000 16.000000 1.391396 3.162967 1.518074 2.765628 0.922763 1.671242 2.263620 3.918015
0.032000 18.000000 1.055112 1.492904 1.635615 2.735885 1.419346 2.641016 2.150863 3.205108
0.037000 20.000000 1.620333 1.998314 2.300265 3.612650 2.463429 3.566497 3.355229 4.242287
0.040000 22.000000 1.742097 2.324618 2.626274 3.520934 1.825437 2.510570 3.564757 4.130725
0.044000 24.000000 1.529974 1.754644 2.669386 3.286703 2.444531 3.035312 3.046856 3.387792
0.049000 26.000000 1.821976 2.003864 2.859460 3.570627 3.518423 3.531025 2.923295 3.101787
0.052000 28.000000 2.555291 2.975448 3.950755 3.948996 3.341463 3.666389 3.543441 3.716810
0.056000 30.000000 3.342506 3.359120 4.067576 5.056831 3.505096 3.081289 3.378789 3.277313
0.059000 32.000000 4.236662 3.565861 6.091780 5.167571 3.546946 3.017257 4.144443 3.501154
0.063000 34.000000 3.698805 3.289360 5.304356 4.755454 4.726675 3.417362 4.113384 3.352203
0.067000 36.000000 4.382621 4.229264 6.897718 4.079239 4.338903 4.174886 4.323628 4.141023
#0.078000 42.000000 4.071800 3.341937 8.292517 4.704289 4.129334 3.227212 4.012222 3.323777
#0.090000 48.000000 3.622536 2.817249 9.659813 4.519535 3.781976 2.994571 4.078042 3.405628
#0.100000 52.000000 3.238867 2.277019 9.407833 3.607317 3.285661 2.290671 3.174369 2.376390
