# abs val #porcent #00 #error_00 #11 #error_11 #10 #error_10 #01 #error_01
0.000000 0.000000 0.223765 0.119981 0.257003 0.238461 0.215028 0.101960 0.225297 0.097796
0.003000 0.000000 0.221157 0.117641 0.257512 0.237897 0.212101 0.098601 0.222108 0.096241
0.007500 0.000000 0.223241 0.109488 0.255451 0.207431 0.212023 0.101373 0.232662 0.104442
0.010000 0.000000 0.240664 0.147653 0.271454 0.273063 0.218244 0.125890 0.240364 0.105504
0.014000 0.000000 0.257897 0.137588 0.334169 0.395137 0.261867 0.137305 0.269883 0.110362
0.017000 0.000000 0.250844 0.120057 0.257052 0.149437 0.229231 0.104377 0.248070 0.109829
0.020500 0.000000 0.310158 0.173975 0.269301 0.184107 0.309312 0.196702 0.312307 0.178044
0.025000 0.000000 0.321288 0.267660 0.405880 0.424493 0.300740 0.202810 0.334316 0.272002
0.028000 0.000000 0.358295 0.262210 0.340263 0.209316 0.355529 0.257058 0.364258 0.246558
0.032000 0.000000 0.403595 0.237695 0.433368 0.231235 0.394503 0.251964 0.417024 0.263266
0.037000 0.000000 0.691469 1.173186 2.415200 4.651613 0.698887 1.189073 0.658460 1.069300
0.040000 0.000000 0.387509 0.171538 0.370563 0.346534 0.407804 0.229322 0.421572 0.219353
0.044000 0.000000 0.483629 0.448862 0.554060 0.608732 0.484439 0.444593 0.532251 0.527549
0.049000 0.000000 0.515048 0.266510 0.475327 0.312434 1.358895 2.632892 1.586844 2.712918
0.052000 0.000000 0.373073 0.205783 0.498898 0.463231 0.428332 0.368301 0.442021 0.339378
0.056000 0.000000 0.464932 0.185657 1.481889 2.744709 0.528028 0.289993 0.504046 0.207990
0.059000 0.000000 0.546405 0.311755 1.253516 2.749547 0.577168 0.374081 0.569736 0.346796
0.063000 0.000000 0.750164 0.541099 1.392604 2.691891 0.651328 0.444368 0.727264 0.496614
0.067000 0.000000 1.021988 1.274244 2.888589 4.047086 0.935109 1.118947 1.911190 2.975057
#0.078000 0.000000 1.156336 0.894976 5.015640 5.763266 1.147375 0.802976 1.989006 2.473413
#0.090000 0.000000 1.729155 2.526300 4.872195 4.326661 1.919185 2.526322 1.807852 2.522536
#0.100000 0.000000 1.112199 0.655439 4.302874 4.652033 1.186773 0.544532 1.749672 2.244897
