# abs val #porcent #00 #error_00 #11 #error_11 #10 #error_10 #01 #error_01
0.000000 0.000000 0.223765 0.119981 0.257003 0.238461 0.215028 0.101960 0.225297 0.097796
0.003000 0.000000 0.220813 0.124645 0.255750 0.234181 0.207842 0.103401 0.220780 0.100688
0.007500 0.000000 0.242520 0.129239 0.245202 0.213428 0.234473 0.110182 0.251079 0.110411
0.010000 0.000000 0.221631 0.109306 0.280126 0.287383 0.220080 0.118341 0.232659 0.106586
0.014000 0.000000 0.288414 0.219984 0.302325 0.311682 0.266005 0.188622 0.269128 0.133776
0.017000 0.000000 0.241532 0.099409 0.292533 0.273653 0.228473 0.085044 0.235769 0.091635
0.020500 0.000000 0.282079 0.126709 0.311149 0.361203 0.267524 0.114950 0.272671 0.098329
0.025000 0.000000 0.389879 0.329065 0.336990 0.303495 0.329234 0.219129 0.329202 0.182502
0.028000 0.000000 0.321656 0.147924 0.595446 0.845248 0.324724 0.146874 0.323329 0.122642
0.032000 0.000000 0.654104 0.822751 0.419319 0.525936 0.444377 0.361136 0.690664 0.959652
0.037000 0.000000 0.515299 0.553798 0.337308 0.439524 0.468987 0.404945 0.470609 0.407599
0.040000 0.000000 0.434629 0.221039 0.465086 0.557567 0.412334 0.166736 0.424400 0.157406
0.044000 0.000000 0.431196 0.300273 0.398108 0.381678 0.447014 0.317001 0.461221 0.296118
0.049000 0.000000 0.489451 0.307165 0.478977 0.492779 0.641496 0.583753 0.499642 0.314872
0.052000 0.000000 0.481820 0.273677 1.351032 2.698409 0.489946 0.340560 0.509460 0.338127
0.056000 0.000000 1.193261 2.436552 2.382771 3.849383 0.954671 1.689091 1.149113 2.243894
0.059000 0.000000 0.544166 0.376240 0.612252 0.501274 0.524379 0.330225 0.480158 0.264000
0.063000 0.000000 0.432478 0.311393 0.704263 0.568324 0.484637 0.321455 0.436930 0.260281
0.067000 0.000000 0.703612 0.553879 1.553991 2.685516 0.678139 0.570608 0.865093 1.072790
#0.078000 0.000000 1.279305 0.999908 2.182322 2.664945 1.884653 2.342280 1.789234 2.680908
#0.090000 0.000000 1.444953 1.477497 6.749046 4.300952 3.481507 3.126279 1.905538 1.935055
#0.100000 0.000000 2.293766 2.703070 2.216859 4.052965 3.413492 3.642565 2.649908 2.900881
